yifei
[100.0, 76.34216399157498, 73.07460638859786, 77.22443391431197, 77.17333289928165, 69.36295322395956, 65.1147149721844, 68.27968754323976, 69.7436347610025, 66.50290799200421, 66.00584261785788, 67.31950772782955, 68.69263705848996, 65.73087747460268, 67.61219825745428, 67.15139865762532, 66.79151255305035, 66.6478462630183, 65.88718157354428, 65.6787365984121, 64.86655916690906, 67.07969445176244, 65.03449082312353]
yifei
[76.34216399157498, 100.0, 80.38282493062988, 79.27925616953421, 83.56440855112965, 70.0133365363492, 69.13524740009377, 73.15244504087461, 73.09444148739118, 68.811836701482, 66.99061106770552, 67.70340035412836, 69.11137278543424, 65.41329081060073, 69.03316893457011, 66.50853074094219, 66.87736190267682, 66.87696620673498, 65.42338702386941, 65.80196139829422, 66.57212000735869, 67.6326347396708, 65.10816765916424]
yifei
[73.07460638859786, 80.38282493062988, 100.0, 81.4522841002846, 81.14598958689012, 66.22978697750303, 65.78576832534654, 68.4004578502615, 69.5722960499214, 64.67659146007628, 66.0252043858057, 66.28404518863665, 66.27741634696851, 64.13934461919744, 67.74359636052579, 64.75768470201565, 65.47047821369101, 65.40281843193769, 65.37618496078267, 66.0434342346662, 65.08577624865367, 66.2167278146606, 65.36444834061476]
yifei
[77.22443391431197, 79.27925616953421, 81.4522841002846, 100.0, 82.04621527733713, 67.61063514604008, 66.17348005603927, 69.0091864501227, 69.85392815576608, 65.7566973125173, 67.18278001316536, 67.42816209832671, 69.84306156058673, 65.34951581792616, 69.08820622463335, 65.41809489158011, 66.17289211053729, 67.12331441718413, 66.78813514766502, 66.88043823854942, 65.62682117654204, 67.42126871554252, 66.09679158032932]
yifei
[77.17333289928165, 83.56440855112965, 81.14598958689012, 82.04621527733713, 100.0, 68.20002230085437, 67.2527106475163, 69.95026649404095, 70.89117941394049, 66.65098066780858, 66.2966710625325, 66.73481782408068, 69.67366310260945, 65.51867643535536, 69.39746972264986, 65.6913775352777, 66.63078256369691, 67.15325895315719, 64.58751299709765, 64.78503551815881, 65.65094791556953, 66.386203890921, 64.3938666124335]
yiming
[69.36295322395956, 70.0133365363492, 66.22978697750303, 67.61063514604008, 68.20002230085437, 100.0, 77.98098296567628, 73.98773069869267, 74.77009083637456, 76.39677994883606, 67.05213598532617, 67.54493625394826, 66.75949889171149, 63.97576225003735, 67.07966087482387, 65.77577706303131, 66.28764268002628, 65.72384540084911, 64.91237189563375, 64.58415344211403, 67.11363784305777, 64.94636826138496, 63.637181098791636]
yiming
[65.1147149721844, 69.13524740009377, 65.78576832534654, 66.17348005603927, 67.2527106475163, 77.98098296567628, 100.0, 74.80674309221564, 73.53370019162422, 77.85178784563676, 66.30662053813319, 66.02500480609802, 64.5525205620784, 62.57373386642447, 65.07762669793453, 63.16600032263847, 63.45611366351367, 63.53041134851876, 63.305128839772095, 62.99968675478182, 65.83153033332349, 63.00884030290455, 62.349621989793924]
yiming
[68.27968754323976, 73.15244504087461, 68.4004578502615, 69.0091864501227, 69.95026649404095, 73.98773069869267, 74.80674309221564, 100.0, 78.12591989904665, 77.70538926042856, 67.65127001758361, 67.58018014856206, 67.92695983619986, 63.99946967575149, 67.21151249515273, 65.17452192333667, 65.91082141494883, 65.32686318041414, 65.05299495007984, 65.04657833096184, 65.7589459061136, 65.73719730732141, 63.145241565261585]
yiming
[69.7436347610025, 73.09444148739118, 69.5722960499214, 69.85392815576608, 70.89117941394049, 74.77009083637456, 73.53370019162422, 78.12591989904665, 100.0, 76.22017817281086, 66.32672043281711, 67.5686605045169, 66.773942473117, 65.37390298456764, 66.20064307897704, 66.54841810971665, 66.42257665233213, 65.03268116507581, 64.62641200613118, 64.43088840403838, 67.1319692211862, 66.53323172282482, 63.77576020273245]
yiming
[66.50290799200421, 68.811836701482, 64.67659146007628, 65.7566973125173, 66.65098066780858, 76.39677994883606, 77.85178784563676, 77.70538926042856, 76.22017817281086, 100.0, 66.74207778650933, 68.01915637313752, 67.17830428926986, 64.60108944709758, 66.79535730001135, 66.04939166052849, 64.95412448042258, 64.82712317352802, 65.14749531034158, 64.6241880284551, 66.87603047572735, 65.18520612536543, 63.10193315382799]
Crystal
[66.00584261785788, 66.99061106770552, 66.0252043858057, 67.18278001316536, 66.2966710625325, 67.05213598532617, 66.30662053813319, 67.65127001758361, 66.32672043281711, 66.74207778650933, 100.0, 76.2830906935936, 73.25182768470259, 70.45646271168576, 74.33549166236816, 69.61599391137929, 72.7366101901759, 72.54023306662411, 72.2083556358938, 72.63526139732832, 71.93544856299498, 73.00305749613553, 70.76872748850359]
Crystal
[67.31950772782955, 67.70340035412836, 66.28404518863665, 67.42816209832671, 66.73481782408068, 67.54493625394826, 66.02500480609802, 67.58018014856206, 67.5686605045169, 68.01915637313752, 76.2830906935936, 100.0, 73.12367513246932, 72.74932186828092, 74.72876515319135, 75.58982398037796, 72.40975786809503, 73.98030398400127, 76.15955795059094, 75.51408269171807, 80.77560519205598, 76.99186074913989, 73.76854470175408]
Crystal
[68.69263705848996, 69.11137278543424, 66.27741634696851, 69.84306156058673, 69.67366310260945, 66.75949889171149, 64.5525205620784, 67.92695983619986, 66.773942473117, 67.17830428926986, 73.25182768470259, 73.12367513246932, 100.0, 73.5870075435079, 80.05192062809829, 71.01371313131412, 71.64383938724826, 77.31800794008458, 71.21896702412704, 70.49660745388726, 71.26710666129118, 73.90339721964874, 68.75072163936872]
Crystal
[65.73087747460268, 65.41329081060073, 64.13934461919744, 65.34951581792616, 65.51867643535536, 63.97576225003735, 62.57373386642447, 63.99946967575149, 65.37390298456764, 64.60108944709758, 70.45646271168576, 72.74932186828092, 73.5870075435079, 100.0, 74.38082185628186, 73.56086199189545, 71.48711395733689, 76.58912886497673, 72.92514269195841, 72.73542064757353, 75.89895720160045, 77.82316527869904, 73.13056594762783]
Crystal
[67.61219825745428, 69.03316893457011, 67.74359636052579, 69.08820622463335, 69.39746972264986, 67.07966087482387, 65.07762669793453, 67.21151249515273, 66.20064307897704, 66.79535730001135, 74.33549166236816, 74.72876515319135, 80.05192062809829, 74.38082185628186, 100.0, 74.28436872559111, 71.72663640114955, 82.13890692515295, 74.18740426717395, 74.16555293208876, 74.62227987098875, 75.80072910254593, 70.58629200611831]
Crystal
[67.15139865762532, 66.50853074094219, 64.75768470201565, 65.41809489158011, 65.6913775352777, 65.77577706303131, 63.16600032263847, 65.17452192333667, 66.54841810971665, 66.04939166052849, 69.61599391137929, 75.58982398037796, 71.01371313131412, 73.56086199189545, 74.28436872559111, 100.0, 69.35222864174919, 76.16786941350422, 73.56570638599773, 72.5124099332478, 76.76250226780874, 78.89261512489057, 69.88024281537318]
Crystal
[66.79151255305035, 66.87736190267682, 65.47047821369101, 66.17289211053729, 66.63078256369691, 66.28764268002628, 63.45611366351367, 65.91082141494883, 66.42257665233213, 64.95412448042258, 72.7366101901759, 72.40975786809503, 71.64383938724826, 71.48711395733689, 71.72663640114955, 69.35222864174919, 100.0, 70.5074750766843, 68.657461953279, 69.61784193480338, 71.64175988432272, 71.62164799476393, 66.88133307699609]
Crystal
[66.6478462630183, 66.87696620673498, 65.40281843193769, 67.12331441718413, 67.15325895315719, 65.72384540084911, 63.53041134851876, 65.32686318041414, 65.03268116507581, 64.82712317352802, 72.54023306662411, 73.98030398400127, 77.31800794008458, 76.58912886497673, 82.13890692515295, 76.16786941350422, 70.5074750766843, 100.0, 74.48171687938623, 74.20549183583839, 75.43936532832251, 78.15603435085195, 70.41215843624323]
Crystal
[65.88718157354428, 65.42338702386941, 65.37618496078267, 66.78813514766502, 64.58751299709765, 64.91237189563375, 63.305128839772095, 65.05299495007984, 64.62641200613118, 65.14749531034158, 72.2083556358938, 76.15955795059094, 71.21896702412704, 72.92514269195841, 74.18740426717395, 73.56570638599773, 68.657461953279, 74.48171687938623, 100.0, 88.92822024398663, 73.54182020670433, 81.19191984630301, 79.11582788887189]
Crystal
[65.6787365984121, 65.80196139829422, 66.0434342346662, 66.88043823854942, 64.78503551815881, 64.58415344211403, 62.99968675478182, 65.04657833096184, 64.43088840403838, 64.6241880284551, 72.63526139732832, 75.51408269171807, 70.49660745388726, 72.73542064757353, 74.16555293208876, 72.5124099332478, 69.61784193480338, 74.20549183583839, 88.92822024398663, 100.0, 72.61612677427696, 81.24369926907417, 77.36612461900366]
Crystal
[64.86655916690906, 66.57212000735869, 65.08577624865367, 65.62682117654204, 65.65094791556953, 67.11363784305777, 65.83153033332349, 65.7589459061136, 67.1319692211862, 66.87603047572735, 71.93544856299498, 80.77560519205598, 71.26710666129118, 75.89895720160045, 74.62227987098875, 76.76250226780874, 71.64175988432272, 75.43936532832251, 73.54182020670433, 72.61612677427696, 100.0, 76.38363521357566, 71.85801061204947]
Crystal
[67.07969445176244, 67.6326347396708, 66.2167278146606, 67.42126871554252, 66.386203890921, 64.94636826138496, 63.00884030290455, 65.73719730732141, 66.53323172282482, 65.18520612536543, 73.00305749613553, 76.99186074913989, 73.90339721964874, 77.82316527869904, 75.80072910254593, 78.89261512489057, 71.62164799476393, 78.15603435085195, 81.19191984630301, 81.24369926907417, 76.38363521357566, 100.0, 75.80678377634038]
Crystal
[65.03449082312353, 65.10816765916424, 65.36444834061476, 66.09679158032932, 64.3938666124335, 63.637181098791636, 62.349621989793924, 63.145241565261585, 63.77576020273245, 63.10193315382799, 70.76872748850359, 73.76854470175408, 68.75072163936872, 73.13056594762783, 70.58629200611831, 69.88024281537318, 66.88133307699609, 70.41215843624323, 79.11582788887189, 77.36612461900366, 71.85801061204947, 75.80678377634038, 100.0]
